# KELL 1989
# @url: http://dx.doi.org/10.1098/rspa.1989.0098
# @description: H2O and D2O densities obtained by injecting into a vessel of known volume
# @source: Kell, G. S., G. E. McLaurin, and E. Whalley, Proc. R. Soc. London A 425, 49 (1989).
# @units: K,kg/m^3,MPa
# @year: 1989
# @species: H2O
# Columns: Temperature [K], density [kg/m3], pressure [MPa]
# column names below:
T,rho,p

473.110000000,0.492720000,0.107000000
473.110000000,0.492900000,0.107000000
473.110000000,0.818440000,0.177000000
473.110000000,0.818260000,0.177000000
473.110000000,1.514910000,0.325000000
473.110000000,1.514190000,0.325000000
473.110000000,2.222910000,0.473000000
473.110000000,2.222910000,0.473000000
473.110000000,2.914340000,0.615000000
473.110000000,2.914700000,0.615000000
473.110000000,3.658380000,0.765000000
473.110000000,3.658920000,0.765000000
473.110000000,4.392140000,0.910000000
473.110000000,4.392680000,0.910000000
473.110000000,5.167160000,1.060000000
473.110000000,5.168780000,1.060000000
473.110000000,5.961100000,1.210000000
473.110000000,5.962000000,1.210000000
473.110000000,6.229880000,1.260000000
473.110000000,6.231330000,1.260000000
473.110000000,6.720080000,1.350000000
473.110000000,6.721160000,1.350000000
498.110000000,0.467680000,0.107000000
498.110000000,0.467680000,0.107000000
498.110000000,0.775380000,0.177000000
498.110000000,0.775380000,0.177000000
498.110000000,1.434200000,0.325000000
498.110000000,1.433480000,0.325000000
498.110000000,2.359830000,0.530000000
498.110000000,2.359290000,0.530000000
498.110000000,4.077950000,0.900000000
498.110000000,4.077410000,0.900000000
498.110000000,5.815170000,1.260000000
498.110000000,5.814450000,1.260000000
498.110000000,7.730020000,1.640000000
498.110000000,7.729660000,1.640000000
498.110000000,9.636410000,2.000000000
498.110000000,9.636410000,2.000000000
498.110000000,10.908290000,2.230000000
498.110000000,10.908650000,2.230000000
498.110000000,11.305710000,2.300000000
498.110000000,11.305350000,2.300000000
523.110000000,0.737370000,0.177000000
523.110000000,1.518870000,0.362000000
523.110000000,1.519230000,0.362000000
523.110000000,2.236960000,0.530000000
523.110000000,2.237870000,0.530000000
523.110000000,3.852040000,0.900000000
523.110000000,3.853660000,0.900000000
523.110000000,5.471260000,1.260000000
523.110000000,5.472520000,1.260000000
523.110000000,7.236400000,1.640000000
523.110000000,7.237660000,1.640000000
523.110000000,8.969480000,2.000000000
523.110000000,8.970380000,2.000000000
523.110000000,10.870640000,2.380000000
523.110000000,10.872080000,2.380000000
523.110000000,12.751080000,2.740000000
523.110000000,12.751980000,2.740000000
523.110000000,14.830950000,3.120000000
523.110000000,14.832030000,3.120000000
523.110000000,16.907580000,3.480000000
523.110000000,16.908300000,3.480000000
523.110000000,17.808520000,3.630000000
523.110000000,17.809420000,3.630000000
548.111000000,0.703320000,0.177000000
548.111000000,0.703320000,0.177000000
548.111000000,1.446270000,0.362000000
548.111000000,1.446450000,0.362000000
548.111000000,2.128150000,0.530000000
548.111000000,2.127970000,0.530000000
548.111000000,3.655310000,0.900000000
548.111000000,3.655310000,0.900000000
548.111000000,5.176890000,1.260000000
548.111000000,5.176530000,1.260000000
548.111000000,8.427940000,2.000000000
548.111000000,8.427580000,2.000000000
548.111000000,11.872650000,2.740000000
548.111000000,11.873010000,2.740000000
548.111000000,15.554620000,3.480000000
548.111000000,15.554990000,3.480000000
548.111000000,19.482510000,4.211000000
548.111000000,19.482150000,4.211000000
548.111000000,23.861140000,4.955000000
548.111000000,23.861680000,4.955000000
573.111000000,1.381600000,0.362000000
573.111000000,1.380880000,0.362000000
573.111000000,1.381600000,0.362000000
573.111000000,2.031230000,0.530000000
573.111000000,2.031050000,0.530000000
573.111000000,2.029790000,0.530000000
573.111000000,3.480200000,0.900000000
573.111000000,3.482000000,0.900000000
573.111000000,3.479840000,0.900000000
573.111000000,4.919630000,1.260000000
573.111000000,4.920170000,1.260000000
573.111000000,4.918550000,1.260000000
573.111000000,7.970350000,2.000000000
573.111000000,7.970530000,2.000000000
573.111000000,7.967460000,2.000000000
573.111000000,11.161580000,2.740000000
573.111000000,11.159060000,2.740000000
573.111000000,11.160500000,2.740000000
573.111000000,14.515680000,3.480000000
573.111000000,14.516580000,3.480000000
573.111000000,14.514060000,3.480000000
573.111000000,18.020560000,4.211000000
573.111000000,18.020920000,4.211000000
573.111000000,18.018400000,4.211000000
573.111000000,21.815320000,4.955000000
573.111000000,21.815140000,4.955000000
573.111000000,21.815140000,4.955000000
573.111000000,25.790580000,5.681000000
573.111000000,25.790400000,5.681000000
573.111000000,25.789500000,5.681000000
573.111000000,30.240550000,6.430000000
573.111000000,30.236590000,6.430000000
573.111000000,30.238570000,6.430000000
573.111000000,34.948860000,7.151000000
573.111000000,34.947780000,7.151000000
573.111000000,34.946520000,7.151000000
573.111000000,40.431470000,7.900000000
573.111000000,40.429850000,7.900000000
573.111000000,40.428400000,7.900000000
598.111000000,0.643510000,0.177000000
598.111000000,0.643150000,0.177000000
598.111000000,1.320880000,0.362000000
598.111000000,1.321610000,0.362000000
598.111000000,1.942590000,0.530000000
598.111000000,1.941150000,0.530000000
598.111000000,3.322030000,0.900000000
598.111000000,3.323830000,0.900000000
598.111000000,4.687590000,1.260000000
598.111000000,4.687950000,1.260000000
598.111000000,7.568240000,2.000000000
598.111000000,7.568600000,2.000000000
598.111000000,10.556450000,2.740000000
598.111000000,10.555910000,2.740000000
598.111000000,16.866320000,4.211000000
598.111000000,16.867760000,4.211000000
598.111000000,23.788000000,5.681000000
598.111000000,23.787090000,5.681000000
598.111000000,31.526120000,7.151000000
598.111000000,31.525400000,7.151000000
598.111000000,40.479030000,8.631000000
598.111000000,40.480470000,8.631000000
598.111000000,45.561520000,9.370000000
598.111000000,45.562960000,9.370000000
598.111000000,51.139970000,10.101000000
598.111000000,51.137800000,10.101000000
598.111000000,57.614860000,10.850000000
598.111000000,57.611260000,10.850000000
623.109000000,0.617570000,0.177000000
623.109000000,1.267020000,0.362000000
623.109000000,1.267020000,0.362000000
623.109000000,1.860620000,0.530000000
623.109000000,1.860980000,0.530000000
623.109000000,3.180250000,0.900000000
623.109000000,3.180070000,0.900000000
623.109000000,4.483840000,1.260000000
623.109000000,4.484380000,1.260000000
623.109000000,7.216040000,2.000000000
623.109000000,7.216580000,2.000000000
623.109000000,10.034720000,2.740000000
623.109000000,10.033820000,2.740000000
623.109000000,15.914570000,4.211000000
623.109000000,15.916010000,4.211000000
623.109000000,22.233270000,5.681000000
623.109000000,22.234530000,5.681000000
623.109000000,29.092970000,7.151000000
623.109000000,29.097840000,7.151000000
623.109000000,36.706620000,8.631000000
623.109000000,36.708060000,8.631000000
623.109000000,45.184630000,10.101000000
623.109000000,45.186980000,10.101000000
623.109000000,54.923370000,11.571000000
623.109000000,54.923370000,11.571000000
623.109000000,66.615320000,13.052000000
623.109000000,66.615320000,13.052000000
623.109000000,73.479170000,13.790000000
623.109000000,73.479170000,13.790000000
623.109000000,81.389700000,14.530000000
623.109000000,81.389700000,14.530000000
623.109000000,89.671350000,15.189000000
623.109000000,89.671350000,15.189000000
623.109000000,98.615970000,15.780000000
623.109000000,98.610570000,15.780000000
648.106000000,0.593070000,0.177000000
648.106000000,1.216940000,0.362000000
648.106000000,1.216940000,0.362000000
648.106000000,1.786760000,0.530000000
648.106000000,3.051260000,0.900000000
648.106000000,3.050360000,0.900000000
648.106000000,4.297200000,1.260000000
648.106000000,4.295760000,1.260000000
648.106000000,6.900780000,2.000000000
648.106000000,6.901500000,2.000000000
648.106000000,9.572630000,2.740000000
648.106000000,9.571010000,2.740000000
648.106000000,15.102440000,4.211000000
648.106000000,15.098840000,4.211000000
648.106000000,20.956520000,5.681000000
648.106000000,20.953100000,5.681000000
648.106000000,27.199020000,7.151000000
648.106000000,27.198120000,7.151000000
648.106000000,33.961080000,8.631000000
648.106000000,33.956570000,8.631000000
648.106000000,41.247020000,10.101000000
648.106000000,41.243960000,10.101000000
648.106000000,49.244930000,11.571000000
648.106000000,49.241330000,11.571000000
648.106000000,58.218370000,13.052000000
648.106000000,58.216570000,13.052000000
648.106000000,68.389830000,14.530000000
648.106000000,68.386230000,14.530000000
648.106000000,73.432330000,15.189000000
648.106000000,73.426920000,15.189000000
648.106000000,83.387600000,16.360000000
648.106000000,83.385800000,16.360000000
648.106000000,94.998490000,17.525000000
648.106000000,94.996690000,17.525000000
648.106000000,109.162150000,18.690000000
648.106000000,109.154950000,18.690000000
648.106000000,127.699940000,19.860000000
648.106000000,127.699940000,19.860000000
648.106000000,155.423740000,21.028000000
648.106000000,155.411130000,21.028000000
673.102000000,0.570730000,0.177000000
673.102000000,1.170460000,0.362000000
673.102000000,1.170280000,0.362000000
673.102000000,1.717040000,0.530000000
673.102000000,1.717760000,0.530000000
673.102000000,2.933620000,0.900000000
673.102000000,2.933080000,0.900000000
673.102000000,4.124250000,1.260000000
673.102000000,4.124430000,1.260000000
673.102000000,6.614150000,2.000000000
673.102000000,6.614150000,2.000000000
673.102000000,9.157200000,2.740000000
673.102000000,9.158100000,2.740000000
673.102000000,14.388490000,4.211000000
673.102000000,14.387230000,4.211000000
673.102000000,19.868040000,5.681000000
673.102000000,19.867500000,5.681000000
673.102000000,25.639790000,7.151000000
673.102000000,25.640330000,7.151000000
673.102000000,31.791130000,8.631000000
673.102000000,31.790230000,8.631000000
673.102000000,38.294130000,10.101000000
673.102000000,38.292690000,10.101000000
673.102000000,45.258140000,11.571000000
673.102000000,45.254530000,11.571000000
673.102000000,52.824580000,13.052000000
673.102000000,52.822780000,13.052000000
673.102000000,61.043180000,14.530000000
673.102000000,61.043180000,14.530000000
673.102000000,64.965120000,15.189000000
673.102000000,64.965120000,15.189000000
673.102000000,72.382030000,16.360000000
673.102000000,72.378430000,16.360000000
673.102000000,80.434890000,17.525000000
673.102000000,80.431290000,17.525000000
673.102000000,89.309250000,18.690000000
673.102000000,89.303840000,18.690000000
673.102000000,99.253710000,19.860000000
673.102000000,99.255520000,19.860000000
673.102000000,110.509700000,21.028000000
673.102000000,110.506100000,21.028000000
673.102000000,123.433900000,22.190000000
673.102000000,123.435710000,22.190000000
673.102000000,138.842420000,23.360000000
673.102000000,138.847830000,23.360000000
673.102000000,157.623420000,24.525000000
673.102000000,157.627020000,24.525000000
698.095000000,1.127940000,0.362000000
698.095000000,1.128660000,0.362000000
698.095000000,1.655250000,0.530000000
698.095000000,1.653810000,0.530000000
698.095000000,2.824260000,0.900000000
698.095000000,2.822640000,0.900000000
698.095000000,3.969500000,1.260000000
698.095000000,3.968780000,1.260000000
698.095000000,6.356710000,2.000000000
698.095000000,6.356710000,2.000000000
698.095000000,8.787340000,2.740000000
698.095000000,8.786620000,2.740000000
698.095000000,13.758140000,4.211000000
698.095000000,13.758500000,4.211000000
698.095000000,18.926740000,5.681000000
698.095000000,18.922590000,5.681000000
698.095000000,24.321790000,7.151000000
698.095000000,24.314760000,7.151000000
698.095000000,30.006710000,8.631000000
698.095000000,30.003650000,8.631000000
698.095000000,35.937540000,10.101000000
698.095000000,35.936460000,10.101000000
698.095000000,42.190120000,11.571000000
698.095000000,42.188320000,11.571000000
698.095000000,48.859400000,13.052000000
698.095000000,48.861210000,13.052000000
698.095000000,55.943040000,14.530000000
698.095000000,55.944840000,14.530000000
698.095000000,59.263260000,15.189000000
698.095000000,59.259660000,15.189000000
698.095000000,65.406490000,16.360000000
698.095000000,65.404690000,16.360000000
698.095000000,71.893820000,17.525000000
698.095000000,71.890210000,17.525000000
698.095000000,78.806300000,18.690000000
698.095000000,78.800900000,18.690000000
698.095000000,86.226820000,19.860000000
698.095000000,86.223220000,19.860000000
698.095000000,94.189600000,21.028000000
698.095000000,94.187800000,21.028000000
698.095000000,102.759500000,22.190000000
698.095000000,102.763100000,22.190000000
698.095000000,112.152700000,23.360000000
698.095000000,112.147290000,23.360000000
698.095000000,122.401620000,24.525000000
698.095000000,122.389010000,24.525000000
698.095000000,133.709850000,25.690000000
698.095000000,133.699040000,25.690000000
698.095000000,146.311580000,26.857000000
698.095000000,146.300770000,26.857000000
698.095000000,160.462630000,28.025000000
723.088000000,0.531450000,0.177000000
723.088000000,1.088850000,0.362000000
723.088000000,1.089390000,0.362000000
723.088000000,1.596340000,0.530000000
723.088000000,1.597420000,0.530000000
723.088000000,2.720860000,0.900000000
723.088000000,2.722300000,0.900000000
723.088000000,3.823760000,1.260000000
723.088000000,3.825920000,1.260000000
723.088000000,6.114770000,2.000000000
723.088000000,6.116750000,2.000000000
723.088000000,8.445410000,2.740000000
723.088000000,8.444150000,2.740000000
723.088000000,13.188850000,4.211000000
723.088000000,13.187410000,4.211000000
723.088000000,18.093170000,5.681000000
723.088000000,18.093890000,5.681000000
723.088000000,23.168990000,7.151000000
723.088000000,23.170970000,7.151000000
723.088000000,28.482790000,8.631000000
723.088000000,28.482250000,8.631000000
723.088000000,33.971530000,10.101000000
723.088000000,33.971890000,10.101000000
723.088000000,39.700400000,11.571000000
723.088000000,39.700400000,11.571000000
723.088000000,45.737350000,13.052000000
723.088000000,45.733740000,13.052000000
723.088000000,52.053520000,14.530000000
723.088000000,52.053520000,14.530000000
723.088000000,54.975610000,15.189000000
723.088000000,54.975610000,15.189000000
723.088000000,60.340580000,16.360000000
723.088000000,60.333370000,16.360000000
723.088000000,65.909120000,17.525000000
723.088000000,65.910920000,17.525000000
723.088000000,71.731680000,18.690000000
723.088000000,71.735280000,18.690000000
723.088000000,77.867700000,19.860000000
723.088000000,77.869510000,19.860000000
723.088000000,84.300980000,21.028000000
723.088000000,84.306390000,21.028000000
723.088000000,91.053130000,22.190000000
723.088000000,91.056730000,22.190000000
723.088000000,98.226840000,23.360000000
723.088000000,98.230440000,23.360000000
723.088000000,105.795080000,24.525000000
723.088000000,105.793280000,24.525000000
723.088000000,113.824520000,25.690000000
723.088000000,113.831730000,25.690000000
723.088000000,122.387210000,26.857000000
723.088000000,122.394420000,26.857000000
723.088000000,131.537200000,28.025000000
723.088000000,131.542610000,28.025000000
723.088000000,141.305120000,29.190000000
723.088000000,141.308720000,29.190000000
723.088000000,151.818870000,30.360000000
723.088000000,151.827880000,30.360000000
748.080000000,1.053180000,0.362000000
748.080000000,1.052640000,0.362000000
748.080000000,1.542470000,0.530000000
748.080000000,1.543190000,0.530000000
748.080000000,2.628080000,0.900000000
748.080000000,2.628440000,0.900000000
748.080000000,3.690980000,1.260000000
748.080000000,3.690800000,1.260000000
748.080000000,5.898400000,2.000000000
748.080000000,5.898760000,2.000000000
748.080000000,8.134290000,2.740000000
748.080000000,8.133570000,2.740000000
748.080000000,12.675410000,4.211000000
748.080000000,12.675950000,4.211000000
748.080000000,17.341750000,5.681000000
748.080000000,17.343550000,5.681000000
748.080000000,22.162290000,7.151000000
748.080000000,22.161750000,7.151000000
748.080000000,27.163170000,8.631000000
748.080000000,27.161550000,8.631000000
748.080000000,32.299520000,10.101000000
748.080000000,32.295200000,10.101000000
748.080000000,37.612430000,11.571000000
748.080000000,37.610630000,11.571000000
748.080000000,43.166560000,13.052000000
748.080000000,43.162950000,13.052000000
748.080000000,48.920660000,14.530000000
748.080000000,48.918850000,14.530000000
748.080000000,51.563510000,15.189000000
748.080000000,51.561700000,15.189000000
748.080000000,56.375400000,16.360000000
748.080000000,56.371800000,16.360000000
748.080000000,61.324220000,17.525000000
748.080000000,61.322420000,17.525000000
748.080000000,66.445980000,18.690000000
748.080000000,66.458590000,18.690000000
748.080000000,71.789330000,19.860000000
748.080000000,71.785730000,19.860000000
748.080000000,77.311030000,21.028000000
748.080000000,77.307430000,21.028000000
748.080000000,83.014690000,22.190000000
748.080000000,83.021890000,22.190000000
748.080000000,88.988570000,23.360000000
748.080000000,88.999380000,23.360000000
748.080000000,95.185850000,24.525000000
748.080000000,95.196660000,24.525000000
748.080000000,101.653360000,25.690000000
748.080000000,101.656960000,25.690000000
748.080000000,108.414510000,26.857000000
748.080000000,108.421720000,26.857000000
748.080000000,115.478330000,28.025000000
748.080000000,115.487340000,28.025000000
748.080000000,122.843000000,29.190000000
748.080000000,122.859210000,29.190000000
748.080000000,130.600410000,30.360000000
748.080000000,130.613020000,30.360000000
748.080000000,138.649660000,31.520000000
748.080000000,138.664070000,31.520000000
748.080000000,147.199740000,32.695000000
748.080000000,147.214150000,32.695000000
748.080000000,156.077700000,33.860000000
773.071000000,1.016970000,0.362000000
773.071000000,1.016790000,0.362000000
773.071000000,1.492390000,0.530000000
773.071000000,1.491310000,0.530000000
773.071000000,2.540160000,0.900000000
773.071000000,2.540880000,0.900000000
773.071000000,3.565780000,1.260000000
773.071000000,3.565960000,1.260000000
773.071000000,5.695190000,2.000000000
773.071000000,5.694290000,2.000000000
773.071000000,7.849280000,2.740000000
773.071000000,7.848020000,2.740000000
773.071000000,12.206830000,4.211000000
773.071000000,12.205930000,4.211000000
773.071000000,16.669590000,5.681000000
773.071000000,16.668510000,5.681000000
773.071000000,21.261700000,7.151000000
773.071000000,21.249630000,7.151000000
773.071000000,25.998480000,8.631000000
773.071000000,25.996320000,8.631000000
773.071000000,30.838660000,10.101000000
773.071000000,30.834520000,10.101000000
773.071000000,35.816300000,11.571000000
773.071000000,35.810890000,11.571000000
773.071000000,40.988500000,13.052000000
773.071000000,40.981300000,13.052000000
773.071000000,46.308430000,14.530000000
773.071000000,46.301230000,14.530000000
773.071000000,48.738700000,15.189000000
773.071000000,48.731490000,15.189000000
773.071000000,53.139850000,16.360000000
773.071000000,53.132640000,16.360000000
773.071000000,57.638280000,17.525000000
773.071000000,57.631070000,17.525000000
773.071000000,62.261020000,18.690000000
773.071000000,62.255610000,18.690000000
773.071000000,67.042290000,19.860000000
773.071000000,67.031480000,19.860000000
773.071000000,71.944260000,21.028000000
773.071000000,71.938860000,21.028000000
773.071000000,76.968740000,22.190000000
773.071000000,76.957930000,22.190000000
773.071000000,82.184180000,23.360000000
773.071000000,82.171570000,23.360000000
773.071000000,87.532930000,24.525000000
773.071000000,87.522120000,24.525000000
773.071000000,93.054640000,25.690000000
773.071000000,93.038420000,25.690000000
773.071000000,98.761900000,26.857000000
773.071000000,98.749280000,26.857000000
773.071000000,104.661920000,28.025000000
773.071000000,104.643900000,28.025000000
773.071000000,110.743900000,29.190000000
773.071000000,110.747500000,29.190000000
773.071000000,117.056470000,30.360000000
773.071000000,117.056470000,30.360000000
773.071000000,123.527580000,31.520000000
773.071000000,123.527580000,31.520000000
773.071000000,130.313960000,32.695000000
773.071000000,130.308560000,32.695000000
773.071000000,137.269680000,33.860000000
773.071000000,137.260680000,33.860000000
773.071000000,144.425380000,35.020000000
773.071000000,144.418170000,35.020000000
773.071000000,151.887330000,36.190000000
773.071000000,151.881930000,36.190000000
