# VUKALOVICH 1961
# @url: http://www.springer.com/engineering/mechanical+engineering/journal/11509
# @description: From Teploenergetika (Thermal Engineering, Russian). No direct URL available
# @source: Vukalovich, M. P., W. N. Zubarev, and A. A. Alexandrov, Teploenergetika 8, 79 (1961).
# @units: K,kg/m^3,MPa
# @year: 1961
# @species: H2O
# Columns: Temperature [K], density [kg/m3], pressure [MPa]
# column names below:
T,rho,p

823.252396893,13.145786780,4.839581775
823.252396893,35.958288390,12.579970620
823.252396893,58.609776110,19.491697540
823.252396893,88.487744450,27.570415810
823.252396893,117.841150130,34.570402580
823.252396893,150.127608470,41.419366940
823.252396893,191.754554170,49.337256150
823.252396893,230.202578270,56.133264600
823.252396893,271.517784410,63.223472550
823.252396893,313.873195230,70.696139850
823.252396893,355.504994850,78.668946300
823.252396893,376.690398160,83.091745450
823.252396893,398.057479500,87.887197300
823.252396893,418.550142310,92.859168850
823.252396893,437.847541490,97.988046800
823.252396893,30.404378230,10.763779040
823.252396893,97.370983450,29.772989400
823.252396893,141.422712490,39.643382625
823.252396893,195.694716240,50.062948250
823.252396893,247.954376390,59.192939400
823.252396893,301.204819280,68.430803700
823.252396893,357.679376210,79.120052200
823.252396893,402.333534500,88.946315500
823.252396893,438.981562770,98.390119450
823.452426526,35.063113600,12.284790455
823.452426526,75.471698110,24.199870205
823.452426526,133.049494410,37.918392890
823.452426526,185.459940650,48.240872680
823.452426526,243.664717350,58.506473900
823.452426526,303.214069130,68.872102950
823.452426526,352.485019390,78.149193850
823.452426526,394.929110220,87.269378350
823.452426526,436.871996510,97.889980300
873.305989690,12.013455070,4.726805300
873.305989690,33.568311510,12.680979115
873.305989690,54.698610660,19.888866865
873.305989690,78.597814980,27.385070125
873.305989690,102.912421530,34.422322165
873.305989690,129.785853340,41.620403265
873.305989690,160.436386970,49.229383000
873.305989690,187.265917600,55.544865600
873.305989690,219.876868950,62.939079700
873.305989690,256.410256410,71.117825800
873.305989690,289.351851850,78.610106400
873.305989690,308.166409860,83.032905550
873.305989690,329.272308200,88.161783500
873.305989690,346.260387810,92.476709500
873.305989690,364.936865920,97.458487700
873.305989690,384.127837740,102.871758500
873.305989690,402.236434580,108.285029300
873.305989690,418.410041840,113.462940500
873.305989690,432.320262850,118.199552450
873.335979947,31.555695800,11.971958320
873.335979947,54.728546410,19.904557505
873.335979947,86.318515320,29.699439525
873.335979947,119.717466780,39.003989045
873.335979947,159.438775510,49.012656035
873.335979947,202.388180530,59.026226350
873.335979947,242.718446600,68.087570950
873.335979947,287.438919230,78.178613800
873.335979947,329.272308200,88.161783500
873.335979947,365.296803650,97.595780800
873.335979947,401.139235430,108.020249750
873.335979947,431.499460630,117.915159600
923.414259924,11.641443540,4.862137070
923.414259924,31.476235440,12.732954360
923.414259924,49.627791560,19.550537440
923.414259924,70.616481890,26.996726785
923.414259924,96.227867590,35.511840980
923.414259924,116.036203300,41.740044395
923.414259924,137.665198240,48.248718000
923.414259924,162.946064850,55.564478900
923.414259924,191.204588910,63.458832150
923.414259924,219.202104340,71.157052400
923.414259924,244.558571780,78.100160600
923.414259924,261.848651480,82.875999150
923.414259924,278.551532030,87.573384500
923.414259924,297.530496880,93.006268600
923.414259924,311.915159080,97.281968000
923.414259924,327.118089630,101.871480200
923.414259924,345.208505940,107.559337200
923.414259924,360.048966660,112.423435600
923.414259924,377.102345580,118.287812300
923.867525990,26.021337500,10.620601950
923.867525990,50.622658700,19.937900115
923.867525990,78.982702790,29.884785210
923.867525990,107.944732300,39.275633250
923.867525990,140.469167020,49.131316500
923.867525990,174.978127730,59.036033000
923.867525990,208.942749690,68.450417000
923.867525990,245.338567220,78.433586700
923.867525990,278.784499580,87.779324150
923.867525990,313.185092390,97.811527100
923.867525990,346.957185480,108.324255900
923.867525990,376.335992770,118.219165750
