# GRINDLEY 1971
# @url: http://scitation.aip.org/content/aip/journal/jcp/54/9/10.1063/1.1675455
# @description: From water column size using piezoelectric measurements
# @source: Grindley, T. and J. E. Lind, Jr., J. Chem. Phys. 54, 3983 (1971).
# @units: K,kg/m^3,MPa
# @year: 1971
# @species: H2O
# @phase:
# Columns: Temperature [K], density [kg m^-3], pressure [MPa]
# column names below:
T,rho,p

298.135248271,1037.838367192,100.000000000
303.133034560,1035.991980471,100.000000000
313.129472689,1031.905445900,100.000000000
323.126689593,1027.406788564,100.000000000
333.124814633,1022.593767044,100.000000000
343.123676645,1017.278247370,100.000000000
353.123303316,1011.753539086,100.000000000
363.123520828,1005.932531206,100.000000000
373.124353325,999.762817825,100.000000000
383.125722590,993.293219592,100.000000000
393.127547671,986.593051969,100.000000000
403.129744565,979.516990310,100.000000000
413.132325943,972.347229459,100.000000000
423.135300966,964.847098366,100.000000000
298.135248271,1071.954142017,200.000000000
303.133034560,1069.789750088,200.000000000
313.129472689,1065.262586254,200.000000000
323.126689593,1060.514140558,200.000000000
333.124814633,1055.575787101,200.000000000
343.123676645,1050.331882324,200.000000000
353.123303316,1044.989407033,200.000000000
363.123520828,1039.417950486,200.000000000
373.124353325,1033.643622942,200.000000000
383.125722590,1027.700321709,200.000000000
393.127547671,1021.572544267,200.000000000
403.129744565,1015.182082427,200.000000000
413.132325943,1008.743417936,200.000000000
423.135300966,1002.097940517,200.000000000
298.135248271,1101.222957742,300.000000000
303.133034560,1098.830091705,300.000000000
313.129472689,1093.958647173,300.000000000
323.126689593,1089.070220888,300.000000000
333.124814633,1084.003718533,300.000000000
343.123676645,1078.811732348,300.000000000
353.123303316,1073.522268603,300.000000000
363.123520828,1068.179315118,300.000000000
373.124353325,1062.635168404,300.000000000
383.125722590,1056.924130516,300.000000000
393.127547671,1051.217277484,300.000000000
403.129744565,1045.270749712,300.000000000
413.132325943,1039.244993754,300.000000000
423.135300966,1033.174357205,300.000000000
298.135248271,1126.877822255,400.000000000
303.133034560,1124.372210156,400.000000000
313.129472689,1119.359955204,400.000000000
323.126689593,1114.304567558,400.000000000
333.124814633,1109.234642589,400.000000000
343.123676645,1103.993734252,400.000000000
353.123303316,1098.757049605,400.000000000
363.123520828,1093.519250099,400.000000000
373.124353325,1088.159599919,400.000000000
383.125722590,1082.663687722,400.000000000
393.127547671,1077.152007413,400.000000000
403.129744565,1071.460206961,400.000000000
413.132325943,1065.788336742,400.000000000
423.135300966,1060.067387518,400.000000000
298.135248271,1149.895165907,500.000000000
303.133034560,1147.286195086,500.000000000
313.129472689,1142.081131296,500.000000000
323.126689593,1136.974102237,500.000000000
333.124814633,1131.811351489,500.000000000
343.123676645,1126.660046911,500.000000000
353.123303316,1121.445757232,500.000000000
