# RIVKIN 1964
# @url: http://www.springer.com/engineering/mechanical+engineering/journal/11509
# @description: From Teploenergetika (Thermal Engineering, Russian). No direct URL available
# @source: Rivkin, S. L. and G. V. Troyanovskaya, Teploenergetika 11, 72 (1964); Thermal Eng. 11, 91 (1964).
# @units: K,kg/m^3,MPa
# @year: 1964
# @species: H2O
# Columns: Temperature [K], density [kg/m3], pressure [MPa]
# column names below:
T,rho,p

643.183874444,36.539999660,9.046000000
653.182094024,36.520000400,9.272000000
646.183387781,38.640000280,9.538000000
643.183874444,41.599999200,10.030000000
643.183874444,66.699998880,14.050000000
646.183387781,72.279998840,14.932000000
643.183874444,75.659997290,15.172000000
646.183387781,74.259999110,15.175000000
653.182094024,76.999999920,15.915000000
643.183874444,104.830000330,17.929000000
646.183387781,133.659998370,19.936000000
643.183874444,143.209991820,19.960000000
653.182094024,129.210001010,20.500000000
643.183874444,180.520013170,20.841000000
643.183874444,182.229988460,20.864000000
646.183387781,159.829992030,20.880000000
643.183874444,453.810075950,21.092000000
646.183387781,168.719988930,21.105000000
643.183874444,456.380102560,21.128000000
643.183874444,458.989937560,21.160000000
643.183874444,460.089956790,21.177000000
643.183874444,464.560103390,21.247000000
643.183874444,467.410066800,21.300000000
646.183387781,178.609989190,21.302000000
643.183874444,468.810066290,21.323000000
643.183874444,470.439908360,21.359000000
643.183874444,473.999919420,21.432000000
643.183874444,474.019916420,21.432000000
643.183874444,477.030049080,21.502000000
643.183874444,477.619924390,21.516000000
646.183387781,197.509991540,21.567000000
646.183387781,197.509991540,21.574000000
643.183874444,480.119914750,21.585000000
646.183387781,203.540008540,21.630000000
653.182094024,154.659998550,21.696000000
646.183387781,213.830011980,21.700000000
646.183387781,213.830011980,21.706000000
643.183874444,485.399899130,21.724000000
646.183387781,225.059978480,21.764000000
643.183874444,486.600008950,21.770000000
646.183387781,234.990012920,21.798000000
646.183387781,243.919989370,21.820000000
646.183387781,243.919989370,21.821000000
646.183387781,403.540014420,21.832000000
646.183387781,403.540014420,21.834000000
646.183387781,413.860006060,21.863000000
646.183387781,413.860006060,21.870000000
646.183387781,423.580022100,21.923000000
646.183387781,423.580022100,21.923000000
646.183387781,430.370006310,21.970000000
646.183387781,430.370006310,21.975000000
646.183387781,436.989978070,22.034000000
646.183387781,443.250033350,22.088000000
643.183874444,497.619884090,22.174000000
646.183387781,447.799958800,22.178000000
646.183387781,451.019913880,22.198000000
646.183387781,456.789954280,22.296000000
646.183387781,455.470058760,22.305000000
643.183874444,501.679875060,22.357000000
646.183387781,462.359968500,22.412000000
643.183874444,504.199985880,22.475000000
643.183874444,505.609995710,22.542000000
646.183387781,472.020066520,22.646000000
643.183874444,511.410070070,22.854000000
643.183874444,511.410070070,22.860000000
646.183387781,480.380076720,22.902000000
643.183874444,514.400116870,23.034000000
653.182094024,212.460015030,23.061000000
646.183387781,487.500012190,23.162000000
653.182094024,245.719987820,23.372000000
653.182094024,272.030010350,23.516000000
646.183387781,498.049885670,23.615000000
653.182094024,302.610041870,23.638000000
653.182094024,332.339969170,23.746000000
653.182094024,363.610051490,23.881000000
653.182094024,390.200047760,24.053000000
646.183387781,507.850092810,24.156000000
643.183874444,531.200034000,24.193000000
653.182094024,423.829922140,24.443000000
646.183387781,524.409973230,25.276000000
653.182094024,461.850032680,25.325000000
653.182094024,499.350095850,27.094000000
