# RIVKIN 1962
# @url: http://www.springer.com/engineering/mechanical+engineering/journal/11509
# @description: From Teploenergetika (Thermal Engineering, Russian). No direct URL available
# @source: Rivkin, S. L. and T. S. Akhundov, Teploenergetika 9, 57 (1962).
# @units: K,kg/m^3,MPa
# @year: 1962
# @species: H2O
# Columns: Temperature [K], density [kg/m3], pressure [MPa]
# column names below:

T,rho,p
653.162097048,17.683153260,4.917054310
658.131112669,37.585507030,9.600710350
648.133023909,39.729521420,9.797824020
647.333133372,39.996800260,9.833127950
653.162097048,39.517881840,9.883141870
673.177630166,37.320952730,9.890987190
658.131112669,65.503327570,14.589353200
648.133023909,69.622368270,14.681535710
673.177630166,62.576656400,14.796273520
653.162097048,68.562182470,14.798234850
673.177630166,77.883439640,17.170463480
653.162097048,93.316660760,17.741210510
648.133023909,120.015313950,19.415205670
647.333133372,123.020598570,19.513272170
658.131112669,108.465281350,19.529943470
653.162097048,116.616715840,19.701559850
673.177630166,97.862679090,19.709405170
658.131112669,121.647989650,20.546893080
648.133023909,142.725427680,20.569448370
653.162097048,142.109242220,21.173538010
648.133023909,171.957217040,21.484408820
647.333133372,180.936527470,21.536384060
658.131112669,138.297475100,21.580513990
673.177630166,117.351608890,21.671715830
647.333133372,213.685715320,21.934534050
648.133023909,202.863211370,21.984547970
647.333133372,224.979976780,22.009064590
647.333133372,246.250831100,22.081633800
647.333133372,252.032008070,22.096343780
647.333133372,270.874246630,22.106150430
647.333133372,280.198380450,22.111053750
653.162097048,166.706954180,22.112034420
647.333133372,295.421847630,22.118899070
647.333133372,300.181309510,22.119879740
647.333133372,318.214941460,22.128705720
647.333133372,324.473055760,22.130667050
647.333133372,339.654299850,22.138512370
647.333133372,346.148920190,22.139493040
647.333133372,366.395656010,22.149299690
647.333133372,383.510579140,22.164990330
647.333133372,394.489766940,22.182642300
648.133023909,231.314421070,22.203236260
647.333133372,404.735404230,22.218926900
648.133023909,258.077836280,22.289534780
647.333133372,421.782537360,22.310128750
648.133023909,286.146776130,22.322877390
647.333133372,424.068427680,22.335626040
648.133023909,314.975510650,22.336606700
648.133023909,342.408294500,22.355239340
648.133023909,368.683982520,22.378775300
648.133023909,395.131974080,22.434673200
648.133023909,423.165787890,22.601386250
658.131112669,160.457496410,22.606289580
647.333133372,447.625570160,22.610212240
653.162097048,198.509984060,22.852436490
648.133023909,452.550119930,23.007381560
647.333133372,467.187113110,23.026014200
653.162097048,219.395915290,23.137810010
647.333133372,473.375021890,23.200572570
653.162097048,246.116285020,23.375130940
648.133023909,468.950769550,23.402589560
653.162097048,261.719813240,23.467313450
658.131112669,189.969965750,23.529095340
647.333133372,483.526260310,23.550669970
653.162097048,280.709633950,23.556553960
653.162097048,299.111041980,23.625200510
673.177630166,142.827557150,23.639910490
653.162097048,315.099571460,23.683059750
653.162097048,334.909641380,23.753667630
653.162097048,355.799713230,23.835062820
658.131112669,206.755957670,23.894883390
653.162097048,374.927826390,23.934109990
653.162097048,388.417393330,24.022369840
647.333133372,494.537829670,24.024331170
648.133023909,486.847806510,24.036099150
653.162097048,399.483866840,24.117494340
658.131112669,226.647386530,24.221444830
653.162097048,410.500605490,24.240077470
653.162097048,420.134527080,24.364621920
658.131112669,248.487950820,24.490147040
643.113883189,535.208704630,24.516625000
645.973415607,515.227550250,24.516625000
653.262081917,427.043831780,24.516625000
656.481480418,304.832509780,24.516625000
657.151272589,279.467000540,24.516625000
658.051125820,253.440454170,24.516625000
648.133023909,498.782969550,24.601942850
653.162097048,434.950915790,24.622536820
673.187628112,159.619976760,24.653918100
647.333133372,507.439056570,24.719622650
658.131112669,273.691412930,24.720603320
647.333133372,507.743082000,24.744139280
658.131112669,301.123189500,24.930465630
653.162097048,454.985963680,25.099140010
658.131112669,325.617288980,25.100120670
658.131112669,347.658001870,25.266833720
658.131112669,370.182537010,25.466889380
648.133023909,514.956923850,25.597317830
653.162097048,469.968982050,25.601240490
673.177630166,179.472959710,25.605163150
658.131112669,390.119064340,25.695384330
658.131112669,411.334740100,26.030771760
658.131112669,435.077704880,26.563272850
653.162097048,491.016846790,26.582886150
673.177630166,205.623811240,26.588770140
648.183017012,531.499306390,26.968287500
653.112104604,497.500062190,26.968287500
657.051388745,461.050457360,26.968287500
659.060958515,436.519195930,26.968287500
673.987362986,212.480239340,26.968287500
676.596712170,199.250022910,26.968287500
673.187628112,218.019770030,26.971229490
658.131112669,459.755318220,27.376244140
673.177630166,240.100073710,27.558647830
673.177630166,240.172732230,27.561589820
653.162097048,506.436811880,27.566493150
648.133023909,538.566766120,27.632197700
653.162097048,508.649586210,27.728302870
673.177630166,261.344302820,28.052902990
658.131112669,483.175818020,28.509892880
673.177630166,284.917331240,28.533428840
653.162097048,518.874043330,28.534409500
673.187628112,298.210142720,28.793305060
673.177630166,310.635217960,29.027684000
673.187628112,328.720291900,29.382684730
653.192092512,528.220162160,29.419950000
657.421228787,502.050877840,29.419950000
659.270923383,489.509804880,29.419950000
673.707520964,322.900420740,29.419950000
675.127124656,303.539882110,29.419950000
676.726684253,285.000156750,29.419950000
658.131112669,498.132004980,29.475847900
673.177630166,335.303802010,29.520958500
673.177630166,335.650440210,29.525861820
653.162097048,529.672238820,29.548417110
648.133023909,555.852009960,29.667077580
673.187628112,345.499523210,29.733762800
673.177630166,358.202111960,30.018155650
673.177630166,358.460198370,30.025020310
673.187628112,369.750012020,30.307451820
653.162097048,538.181270220,30.459454900
673.177630166,377.162081630,30.498681500
673.177630166,377.860403250,30.515352800
673.177630166,394.533345960,30.993917320
658.131112669,516.833259250,31.017453280
653.162097048,546.758813750,31.499940460
673.177630166,409.579239250,31.503863120
648.133023909,569.048323580,31.586238980
673.177630166,433.600575820,32.489431450
658.131112669,531.824370320,32.579652630
673.177630166,445.990545000,33.151380320
653.162097048,560.195844470,33.391643250
648.133023909,579.945485120,33.458328470
673.177630166,454.843170070,33.646616150
653.162097048,566.398948760,34.325236330
658.131112669,546.468990620,34.435070810
673.187628112,477.010479920,35.206854170
648.133023909,594.060582300,36.282643670
658.131112669,560.616678350,36.597437130
653.162097048,580.211312960,36.892617300
673.187628112,498.509456720,37.098556950
673.187628112,498.509456720,37.098556950
