# KELL 1985
# @url: http://dx.doi.org/10.1098/rsta.1985.0039
# @description: Density of water from low pressures to 1 kbar at 25 K intervals from 350 to 500 degrees C
# @source: Kell, G. S., G. E. McLaurin, and E. Whalley, Philos. Trans. R. Soc. London A 315, 235 (1985).
# @units: K,kg/m^3,MPa
# @year: 1985
# @species: H2O
# Columns: Temperature [K], density [kg/m3], pressure [MPa]
# column names below:
T,rho,p

648.106327589,155.530000000,21.028000000
648.106327589,155.510000000,21.028000000
648.106327589,530.530000000,26.857000000
648.106327589,530.580000000,26.857000000
673.102045680,214.670000000,26.857000000
673.102045680,214.690000000,26.857000000
648.106327589,575.600000000,32.695000000
648.106327589,575.610000000,32.695000000
673.102045680,438.070000000,32.695000000
673.102045680,438.070000000,32.695000000
698.096085893,239.030000000,32.695000000
698.096085893,239.200000000,32.695000000
723.088591564,175.360000000,32.695000000
723.088591564,175.320000000,32.695000000
648.106327589,603.610000000,38.522000000
648.106327589,603.600000000,38.522000000
673.102045680,511.810000000,38.522000000
673.102045680,511.770000000,38.522000000
698.096085893,368.440000000,38.522000000
698.096085893,368.620000000,38.522000000
723.088591564,249.430000000,38.522000000
723.088591564,249.240000000,38.522000000
648.106327589,624.710000000,44.349000000
648.106327589,624.650000000,44.349000000
673.102045680,551.060000000,44.349000000
673.102045680,551.040000000,44.349000000
698.096085893,450.670000000,44.349000000
698.096085893,450.800000000,44.349000000
723.088591564,334.450000000,44.349000000
723.088591564,334.280000000,44.349000000
648.106327589,641.850000000,50.185000000
648.106327589,641.800000000,50.185000000
673.102045680,578.560000000,50.185000000
673.102045680,578.540000000,50.185000000
698.096085893,499.060000000,50.185000000
698.096085893,499.160000000,50.185000000
723.088591564,404.030000000,50.185000000
723.088591564,403.820000000,50.185000000
648.106327589,656.380000000,56.011000000
648.106327589,656.370000000,56.011000000
673.102045680,600.010000000,56.011000000
673.102045680,599.940000000,56.011000000
698.096085893,532.490000000,56.011000000
698.096085893,532.570000000,56.011000000
723.088591564,453.620000000,56.011000000
723.088591564,453.380000000,56.011000000
648.106327589,669.150000000,61.847000000
648.106327589,669.110000000,61.847000000
673.102045680,617.720000000,61.847000000
673.102045680,617.650000000,61.847000000
698.096085893,558.160000000,61.847000000
698.096085893,558.220000000,61.847000000
723.088591564,490.200000000,61.847000000
723.088591564,490.040000000,61.847000000
648.106327589,680.510000000,67.671000000
648.106327589,680.510000000,67.671000000
673.102045680,632.890000000,67.671000000
673.102045680,632.830000000,67.671000000
698.096085893,579.110000000,67.671000000
698.096085893,579.020000000,67.671000000
723.088591564,518.700000000,67.671000000
723.088591564,518.540000000,67.671000000
648.106327589,690.790000000,73.506000000
648.106327589,690.840000000,73.506000000
673.102045680,646.250000000,73.506000000
673.102045680,646.180000000,73.506000000
698.096085893,596.620000000,73.506000000
698.096085893,596.660000000,73.506000000
723.088591564,542.020000000,73.506000000
723.088591564,541.880000000,73.506000000
648.106327589,700.240000000,79.329000000
648.106327589,700.290000000,79.329000000
673.102045680,658.180000000,79.329000000
673.102045680,658.120000000,79.329000000
698.096085893,611.930000000,79.329000000
698.096085893,611.960000000,79.329000000
723.088591564,561.680000000,79.329000000
723.088591564,561.560000000,79.329000000
648.106327589,708.980000000,85.163000000
648.106327589,709.040000000,85.163000000
673.102045680,669.010000000,85.163000000
673.102045680,668.950000000,85.163000000
698.096085893,625.520000000,85.163000000
698.096085893,625.560000000,85.163000000
723.088591564,578.750000000,85.163000000
723.088591564,578.610000000,85.163000000
648.106327589,717.130000000,90.985000000
648.106327589,717.170000000,90.985000000
673.102045680,678.870000000,90.985000000
698.096085893,637.730000000,90.985000000
698.096085893,637.770000000,90.985000000
723.088591564,593.780000000,90.985000000
723.088591564,593.660000000,90.985000000
773.070507881,500.090000000,90.985000000
648.106327589,724.750000000,96.808000000
648.106327589,724.860000000,96.808000000
673.102045680,688.050000000,96.808000000
698.096085893,648.870000000,96.808000000
698.096085893,648.900000000,96.808000000
723.088591564,607.280000000,96.808000000
723.088591564,607.150000000,96.808000000
773.070507881,518.990000000,96.808000000
648.106327589,731.970000000,102.639000000
648.106327589,732.060000000,102.639000000
673.102045680,696.620000000,102.639000000
698.096085893,659.120000000,102.639000000
698.096085893,659.140000000,102.639000000
723.088591564,619.550000000,102.639000000
723.088591564,619.420000000,102.639000000
773.070507881,535.870000000,102.639000000
773.070507881,500.070000000,90.985000000
773.070507881,478.690000000,85.163000000
773.070507881,478.670000000,85.163000000
773.070507881,518.970000000,96.808000000
773.070507881,535.860000000,102.629000000
773.070507881,352.410000000,61.847000000
773.070507881,167.600000000,38.522000000
773.070507881,454.060000000,79.329000000
773.070507881,454.050000000,79.329000000
773.070507881,425.460000000,73.506000000
773.070507881,425.420000000,73.506000000
773.070507881,391.820000000,67.671000000
773.070507881,391.800000000,67.671000000
773.070507881,352.420000000,61.847000000
773.070507881,210.820000000,44.349000000
773.070507881,210.900000000,44.349000000
773.070507881,258.760000000,50.185000000
773.070507881,307.290000000,56.011000000
773.070507881,167.630000000,38.522000000
773.070507881,307.280000000,56.011000000
773.070507881,258.760000000,50.185000000
