# KELL & WHALLEY 1975
# @url: http://dx.doi.org/10.1063/1.430986
# @description: Change of density of liquid water under pressure, calculated from the speed of sound
# @source: Kell, G. S. and E. Whalley, J. Chem. Phys. 62, 3496 (1975).
# @units: K,kg/m^3,MPa
# @year: 1975
# @species: H2O
# Columns: Temperature [K], density [kg/m3], pressure [MPa]
# column names below:
T,rho,p

423.114903874,963.538000000,96.808000000
423.114903874,961.092000000,90.985000000
423.114903874,958.611000000,85.163000000
423.114903874,956.087000000,79.329000000
423.114903874,953.523000000,73.506000000
423.114903874,950.914000000,67.671000000
423.114903874,948.264000000,61.847000000
423.114903874,945.557000000,56.011000000
423.114903874,942.812000000,50.185000000
423.114903874,940.010000000,44.349000000
423.114903874,937.168000000,38.522000000
423.114903874,934.261000000,32.695000000
423.114903874,931.290000000,26.857000000
423.114903874,928.261000000,21.028000000
423.114903874,925.163000000,15.189000000
423.114903874,924.014000000,13.052000000
423.114903874,923.214000000,11.571000000
423.114903874,922.410000000,10.101000000
423.114903874,921.598000000,8.631000000
423.114903874,920.785000000,7.151000000
423.114903874,919.971000000,5.681000000
423.114903874,919.147000000,4.211000000
423.114903874,918.322000000,2.740000000
423.114903874,917.909000000,2.000000000
423.114903874,917.486000000,1.260000000
423.114903874,917.074000000,0.530000000
403.118146667,980.629000000,102.639000000
403.118146667,978.347000000,96.808000000
403.118146667,976.028000000,90.985000000
403.118146667,973.687000000,85.163000000
403.118146667,971.302000000,79.329000000
403.118146667,968.883000000,73.506000000
403.118146667,966.432000000,67.671000000
403.118146667,963.942000000,61.847000000
403.118146667,961.401000000,56.011000000
403.118146667,958.827000000,50.185000000
403.118146667,956.207000000,44.349000000
403.118146667,953.549000000,38.522000000
403.118146667,950.848000000,32.695000000
403.118146667,948.083000000,26.857000000
403.118146667,945.290000000,21.028000000
403.118146667,942.426000000,15.189000000
403.118146667,941.366000000,13.052000000
403.118146667,940.632000000,11.571000000
403.118146667,939.889000000,10.101000000
403.118146667,939.145000000,8.631000000
403.118146667,938.399000000,7.151000000
403.118146667,937.649000000,5.681000000
403.118146667,936.892000000,4.211000000
403.118146667,936.141000000,2.740000000
403.118146667,935.762000000,2.000000000
403.118146667,935.376000000,1.260000000
403.118146667,934.998000000,0.530000000
393.120049164,987.586000000,102.639000000
393.120049164,985.368000000,96.808000000
393.120049164,983.107000000,90.985000000
393.120049164,980.814000000,85.163000000
393.120049164,978.486000000,79.329000000
393.120049164,976.124000000,73.506000000
393.120049164,973.732000000,67.671000000
393.120049164,971.312000000,61.847000000
393.120049164,968.838000000,56.011000000
393.120049164,966.343000000,50.185000000
393.120049164,963.794000000,44.349000000
393.120049164,961.221000000,38.522000000
393.120049164,958.607000000,32.695000000
393.120049164,955.934000000,26.857000000
393.120049164,953.230000000,21.028000000
393.120049164,950.459000000,15.189000000
393.120049164,949.435000000,13.052000000
393.120049164,948.726000000,11.571000000
393.120049164,948.011000000,10.101000000
393.120049164,947.290000000,8.631000000
393.120049164,946.570000000,7.151000000
393.120049164,945.854000000,5.681000000
393.120049164,945.125000000,4.211000000
393.120049164,944.401000000,2.740000000
393.120049164,944.037000000,2.000000000
393.120049164,943.663000000,1.260000000
393.120049164,943.299000000,0.530000000
383.122123366,992.103000000,96.808000000
383.122123366,989.885000000,90.985000000
383.122123366,987.642000000,85.163000000
383.122123366,985.366000000,79.329000000
383.122123366,983.067000000,73.506000000
383.122123366,980.730000000,67.671000000
383.122123366,978.360000000,61.847000000
383.122123366,975.941000000,56.011000000
383.122123366,973.510000000,50.185000000
383.122123366,971.030000000,44.349000000
383.122123366,968.522000000,38.522000000
383.122123366,965.979000000,32.695000000
383.122123366,963.378000000,26.857000000
383.122123366,960.750000000,21.028000000
383.122123366,958.074000000,15.189000000
383.122123366,957.085000000,13.052000000
383.122123366,956.396000000,11.571000000
383.122123366,955.706000000,10.101000000
383.122123366,955.008000000,8.631000000
383.122123366,954.314000000,7.151000000
383.122123366,953.619000000,5.681000000
383.122123366,952.916000000,4.211000000
383.122123366,952.214000000,2.740000000
383.122123366,951.861000000,2.000000000
383.122123366,951.501000000,1.260000000
383.122123366,951.152000000,0.530000000
373.124353325,1000.723000000,102.639000000
373.124353325,998.576000000,96.808000000
373.124353325,996.401000000,90.985000000
373.124353325,994.199000000,85.163000000
373.124353325,991.956000000,79.329000000
373.124353325,989.699000000,73.506000000
373.124353325,987.410000000,67.671000000
373.124353325,985.095000000,61.847000000
373.124353325,982.733000000,56.011000000
373.124353325,980.346000000,50.185000000
373.124353325,977.924000000,44.349000000
373.124353325,975.474000000,38.522000000
373.124353325,972.997000000,32.695000000
373.124353325,970.457000000,26.857000000
373.124353325,967.898000000,21.028000000
373.124353325,965.296000000,15.189000000
373.124353325,964.331000000,13.052000000
373.124353325,963.656000000,11.571000000
373.124353325,962.988000000,10.101000000
373.124353325,962.309000000,8.631000000
373.124353325,961.634000000,7.151000000
373.124353325,960.960000000,5.681000000
373.124353325,960.275000000,4.211000000
373.124353325,959.592000000,2.740000000
373.124353325,959.255000000,2.000000000
373.124353325,958.904000000,1.260000000
373.124353325,958.563000000,0.530000000
353.129201823,1010.639000000,96.808000000
353.129201823,1008.520000000,90.985000000
353.129201823,1006.372000000,85.163000000
353.129201823,1004.199000000,79.329000000
353.129201823,1002.002000000,73.506000000
353.129201823,999.777000000,67.671000000
353.129201823,997.527000000,61.847000000
353.129201823,995.240000000,56.011000000
353.129201823,992.932000000,50.185000000
353.129201823,990.591000000,44.349000000
353.129201823,978.427000000,15.189000000
353.129201823,971.988000000,0.530000000
343.131774531,1018.276000000,102.639000000
343.131774531,1016.194000000,96.808000000
343.131774531,1014.087000000,90.985000000
343.131774531,1011.958000000,85.163000000
343.131774531,1009.805000000,79.329000000
343.131774531,1007.623000000,73.506000000
343.131774531,1005.418000000,67.671000000
343.131774531,1003.189000000,61.847000000
343.131774531,1000.924000000,56.011000000
343.131774531,998.638000000,50.185000000
343.131774531,996.319000000,44.349000000
343.131774531,993.976000000,38.522000000
343.131774531,991.609000000,32.695000000
343.131774531,989.199000000,26.857000000
343.131774531,986.773000000,21.028000000
343.131774531,984.300000000,15.189000000
343.131774531,983.389000000,13.052000000
343.131774531,982.758000000,11.571000000
343.131774531,982.124000000,10.101000000
343.131774531,981.488000000,8.631000000
343.131774531,980.849000000,7.151000000
343.131774531,980.214000000,5.681000000
343.131774531,979.572000000,4.211000000
343.131774531,978.925000000,2.740000000
343.131774531,978.601000000,2.000000000
343.131774531,978.275000000,1.260000000
343.131774531,977.957000000,0.530000000
323.137086802,1028.371000000,102.639000000
323.137086802,1026.292000000,96.808000000
323.137086802,1024.184000000,90.985000000
323.137086802,1022.059000000,85.163000000
323.137086802,1019.900000000,79.329000000
323.137086802,1017.725000000,73.506000000
323.137086802,1015.521000000,67.671000000
323.137086802,1013.297000000,61.847000000
323.137086802,1011.038000000,56.011000000
323.137086802,1008.758000000,50.185000000
323.137086802,1006.445000000,44.349000000
323.137086802,1004.112000000,38.522000000
323.137086802,1001.755000000,32.695000000
323.137086802,999.360000000,26.857000000
323.137086802,996.954000000,21.028000000
323.137086802,994.502000000,15.189000000
323.137086802,993.597000000,13.052000000
323.137086802,992.969000000,11.571000000
323.137086802,992.345000000,10.101000000
323.137086802,991.712000000,8.631000000
323.137086802,991.075000000,7.151000000
323.137086802,990.452000000,5.681000000
323.137086802,989.817000000,4.211000000
323.137086802,989.182000000,2.740000000
323.137086802,988.866000000,2.000000000
323.137086802,988.534000000,1.260000000
323.137086802,988.221000000,0.530000000
303.142432077,1034.825000000,96.808000000
303.142432077,1032.671000000,90.985000000
303.142432077,1030.484000000,85.163000000
303.142432077,1028.279000000,79.329000000
303.142432077,1026.050000000,73.506000000
303.142432077,1023.789000000,67.671000000
303.142432077,1021.514000000,61.847000000
303.142432077,1019.197000000,56.011000000
303.142432077,1016.858000000,50.185000000
303.142432077,1014.494000000,44.349000000
303.142432077,1012.109000000,38.522000000
303.142432077,1009.697000000,32.695000000
303.142432077,1007.245000000,26.857000000
303.142432077,1004.771000000,21.028000000
303.142432077,1002.272000000,15.189000000
303.142432077,1001.342000000,13.052000000
303.142432077,1000.702000000,11.571000000
303.142432077,1000.061000000,10.101000000
303.142432077,999.413000000,8.631000000
303.142432077,998.762000000,7.151000000
303.142432077,998.122000000,5.681000000
303.142432077,997.467000000,4.211000000
303.142432077,996.816000000,2.740000000
303.142432077,996.492000000,2.000000000
303.142432077,996.162000000,1.260000000
303.142432077,995.839000000,0.530000000
298.143746050,1036.672000000,96.808000000
298.143746050,1034.492000000,90.985000000
298.143746050,1032.286000000,85.163000000
298.143746050,1030.053000000,79.329000000
298.143746050,1027.800000000,73.506000000
298.143746050,1025.519000000,67.671000000
298.143746050,1023.213000000,61.847000000
298.143746050,1020.869000000,56.011000000
298.143746050,1018.508000000,50.185000000
298.143746050,1016.113000000,44.349000000
298.143746050,1013.698000000,38.522000000
298.143746050,1011.253000000,32.695000000
298.143746050,1008.770000000,26.857000000
298.143746050,1006.275000000,21.028000000
298.143746050,1003.736000000,15.189000000
298.143746050,1002.800000000,13.052000000
298.143746050,1002.151000000,11.571000000
298.143746050,1001.500000000,10.101000000
298.143746050,1000.846000000,8.631000000
298.143746050,1000.191000000,7.151000000
298.143746050,999.544000000,5.681000000
298.143746050,998.887000000,4.211000000
298.143746050,998.227000000,2.740000000
298.143746050,997.901000000,2.000000000
298.143746050,997.566000000,1.260000000
298.143746050,997.243000000,0.530000000
293.145043729,1040.589000000,102.639000000
293.145043729,1038.408000000,96.808000000
293.145043729,1036.198000000,90.985000000
293.145043729,1033.962000000,85.163000000
293.145043729,1031.700000000,79.329000000
293.145043729,1029.413000000,73.506000000
293.145043729,1027.100000000,67.671000000
293.145043729,1024.760000000,61.847000000
293.145043729,1022.384000000,56.011000000
293.145043729,1019.985000000,50.185000000
293.145043729,1017.555000000,44.349000000
293.145043729,1015.109000000,38.522000000
293.145043729,1012.636000000,32.695000000
293.145043729,1010.108000000,26.857000000
293.145043729,1007.574000000,21.028000000
293.145043729,1004.997000000,15.189000000
293.145043729,1004.046000000,13.052000000
293.145043729,1003.389000000,11.571000000
293.145043729,1002.727000000,10.101000000
293.145043729,1002.067000000,8.631000000
293.145043729,1001.400000000,7.151000000
293.145043729,1000.738000000,5.681000000
293.145043729,1000.072000000,4.211000000
293.145043729,999.405000000,2.740000000
293.145043729,999.072000000,2.000000000
293.145043729,998.732000000,1.260000000
293.145043729,998.403000000,0.530000000
283.147575771,1043.763000000,102.639000000
283.147575771,1041.506000000,96.808000000
283.147575771,1039.223000000,90.985000000
283.147575771,1036.909000000,85.163000000
283.147575771,1034.563000000,79.329000000
283.147575771,1032.195000000,73.506000000
283.147575771,1029.797000000,67.671000000
283.147575771,1027.369000000,61.847000000
283.147575771,1024.896000000,56.011000000
283.147575771,1022.404000000,50.185000000
283.147575771,1019.878000000,44.349000000
283.147575771,1017.324000000,38.522000000
283.147575771,1014.747000000,32.695000000
283.147575771,1012.122000000,26.857000000
283.147575771,1009.480000000,21.028000000
283.147575771,1006.787000000,15.189000000
283.147575771,1005.794000000,13.052000000
283.147575771,1005.109000000,11.571000000
283.147575771,1004.418000000,10.101000000
283.147575771,1003.730000000,8.631000000
283.147575771,1003.033000000,7.151000000
283.147575771,1002.345000000,5.681000000
283.147575771,1001.647000000,4.211000000
283.147575771,1000.954000000,2.740000000
283.147575771,1000.607000000,2.000000000
283.147575771,1000.250000000,1.260000000
283.147575771,999.910000000,0.530000000
273.150000000,1043.991000000,96.808000000
273.150000000,1041.600000000,90.985000000
273.150000000,1039.178000000,85.163000000
273.150000000,1036.717000000,79.329000000
273.150000000,1034.229000000,73.506000000
273.150000000,1031.701000000,67.671000000
273.150000000,1029.143000000,61.847000000
273.150000000,1026.550000000,56.011000000
273.150000000,1023.921000000,50.185000000
273.150000000,1021.256000000,44.349000000
273.150000000,1018.556000000,38.522000000
273.150000000,1015.817000000,32.695000000
273.150000000,1013.047000000,26.857000000
273.150000000,1010.236000000,21.028000000
273.150000000,1007.383000000,15.189000000
273.150000000,1006.330000000,13.052000000
273.150000000,1005.596000000,11.571000000
273.150000000,1004.869000000,10.101000000
273.150000000,1004.137000000,8.631000000
273.150000000,1003.394000000,7.151000000
273.150000000,1002.659000000,5.681000000
273.150000000,1001.917000000,4.211000000
273.150000000,1001.178000000,2.740000000
273.150000000,1000.804000000,2.000000000
273.150000000,1000.430000000,1.260000000
273.150000000,1000.059000000,0.530000000
273.150000000,999.840000000,0.101300000
423.114000000,965.930660000,102.639000000
423.114000000,963.522020000,96.808000000
423.114000000,961.079180000,90.985000000
423.114000000,958.599980000,85.163000000
423.114000000,956.075040000,79.329000000
423.114000000,953.513360000,73.506000000
423.114000000,950.903880000,67.671000000
423.114000000,948.251990000,61.847000000
423.114000000,945.547790000,56.011000000
423.114000000,942.801190000,50.185000000
423.114000000,940.000700000,44.349000000
423.114000000,937.158820000,38.522000000
423.114000000,934.252890000,32.695000000
423.114000000,931.280790000,26.857000000
423.114000000,928.257740000,21.028000000
423.114000000,925.158390000,15.189000000
423.114000000,924.007750000,13.052000000
423.114000000,923.205890000,11.571000000
423.114000000,922.402010000,10.101000000
423.114000000,921.595280000,8.631000000
423.114000000,920.780640000,7.151000000
423.114000000,919.967430000,5.681000000
423.114000000,919.153130000,4.211000000
423.114000000,918.319180000,2.740000000
423.114000000,917.901930000,2.000000000
423.114000000,917.483380000,1.260000000
423.114000000,917.066890000,0.530000000
413.116000000,973.419800000,102.639000000
413.116000000,971.079320000,96.808000000
413.116000000,968.704080000,90.985000000
413.116000000,966.291870000,85.163000000
413.116000000,963.845200000,79.329000000
413.116000000,961.353590000,73.506000000
413.116000000,958.829770000,67.671000000
413.116000000,956.256980000,61.847000000
413.116000000,953.635210000,56.011000000
413.116000000,950.979840000,50.185000000
413.116000000,948.275370000,44.349000000
413.116000000,945.526340000,38.522000000
413.116000000,942.722980000,32.695000000
413.116000000,939.872590000,26.857000000
413.116000000,936.969150000,21.028000000
413.116000000,933.998960000,15.189000000
413.116000000,932.895870000,13.052000000
413.116000000,932.126290000,11.571000000
413.116000000,931.355380000,10.101000000
413.116000000,930.579690000,8.631000000
413.116000000,929.799230000,7.151000000
413.116000000,929.025260000,5.681000000
413.116000000,928.237930000,4.211000000
413.116000000,927.449350000,2.740000000
413.116000000,927.054700000,2.000000000
413.116000000,926.650940000,1.260000000
413.116000000,926.264700000,0.530000000
383.122000000,980.730610000,67.671000000
383.122000000,994.289790000,102.639000000
383.122000000,992.101880000,96.808000000
383.122000000,989.890250000,90.985000000
383.122000000,987.648470000,85.163000000
383.122000000,985.365350000,79.329000000
383.122000000,983.059910000,73.506000000
383.122000000,978.365410000,61.847000000
383.122000000,975.951580000,56.011000000
383.122000000,973.510770000,50.185000000
383.122000000,971.027450000,44.349000000
383.122000000,968.523000000,38.522000000
383.122000000,965.981050000,32.695000000
383.122000000,963.377220000,26.857000000
383.122000000,960.752310000,21.028000000
383.122000000,958.072820000,15.189000000
383.122000000,957.083420000,13.052000000
383.122000000,956.395080000,11.571000000
383.122000000,955.703160000,10.101000000
383.122000000,955.007680000,8.631000000
383.122000000,954.312300000,7.151000000
383.122000000,953.621570000,5.681000000
383.122000000,952.916400000,4.211000000
383.122000000,952.208650000,2.740000000
383.122000000,951.858790000,2.000000000
383.122000000,951.500140000,1.260000000
383.122000000,951.156230000,0.530000000
363.126000000,1006.872910000,102.639000000
363.126000000,1004.754500000,96.808000000
363.126000000,1002.611800000,90.985000000
363.126000000,1000.445200000,85.163000000
363.126000000,998.245090000,79.329000000
363.126000000,996.022880000,73.506000000
363.126000000,993.769070000,67.671000000
363.126000000,991.492010000,61.847000000
363.126000000,989.170560000,56.011000000
363.126000000,986.828800000,50.185000000
363.126000000,984.449630000,44.349000000
363.126000000,982.052980000,38.522000000
363.126000000,979.613270000,32.695000000
363.126000000,977.127400000,26.857000000
363.126000000,974.628470000,21.028000000
363.126000000,972.077090000,15.189000000
363.126000000,971.132130000,13.052000000
363.126000000,970.479940000,11.571000000
363.126000000,969.823930000,10.101000000
363.126000000,969.166920000,8.631000000
363.126000000,968.507060000,7.151000000
363.126000000,967.849020000,5.681000000
363.126000000,967.187210000,4.211000000
363.126000000,966.518820000,2.740000000
363.126000000,966.188240000,2.000000000
363.126000000,965.845760000,1.260000000
363.126000000,965.512850000,0.530000000
353.129000000,1012.748480000,102.639000000
353.129000000,1010.654320000,96.808000000
353.129000000,1008.528110000,90.985000000
353.129000000,1006.384500000,85.163000000
353.129000000,1004.207630000,79.329000000
353.129000000,1002.013040000,73.506000000
353.129000000,999.784050000,67.671000000
353.129000000,997.535090000,61.847000000
353.129000000,995.248680000,56.011000000
353.129000000,992.940200000,50.185000000
353.129000000,990.599210000,44.349000000
353.129000000,988.231160000,38.522000000
353.129000000,985.838430000,32.695000000
353.129000000,983.399240000,26.857000000
353.129000000,980.932630000,21.028000000
353.129000000,978.431460000,15.189000000
353.129000000,977.506600000,13.052000000
353.129000000,976.863000000,11.571000000
353.129000000,976.221200000,10.101000000
353.129000000,975.570730000,8.631000000
353.129000000,974.924930000,7.151000000
353.129000000,974.280930000,5.681000000
353.129000000,973.626410000,4.211000000
353.129000000,972.971820000,2.740000000
353.129000000,972.646270000,2.000000000
353.129000000,972.312430000,1.260000000
353.129000000,971.993940000,0.530000000
333.134000000,1023.510030000,102.639000000
333.134000000,1021.431680000,96.808000000
333.134000000,1019.335780000,90.985000000
333.134000000,1017.210180000,85.163000000
333.134000000,1015.057360000,79.329000000
333.134000000,1012.883880000,73.506000000
333.134000000,1010.687000000,67.671000000
333.134000000,1008.469120000,61.847000000
333.134000000,1006.213370000,56.011000000
333.134000000,1003.934420000,50.185000000
333.134000000,1001.626640000,44.349000000
333.134000000,999.300490000,38.522000000
333.134000000,996.951320000,32.695000000
333.134000000,994.551840000,26.857000000
333.134000000,992.136330000,21.028000000
333.134000000,989.686480000,15.189000000
333.134000000,988.777380000,13.052000000
333.134000000,988.148150000,11.571000000
333.134000000,987.514850000,10.101000000
333.134000000,986.884310000,8.631000000
333.134000000,986.249710000,7.151000000
333.134000000,985.622720000,5.681000000
333.134000000,984.983920000,4.211000000
333.134000000,984.344010000,2.740000000
333.134000000,984.030170000,2.000000000
333.134000000,983.703960000,1.260000000
333.134000000,983.389570000,0.530000000
313.140000000,1032.870060000,102.639000000
313.140000000,1030.769500000,96.808000000
313.140000000,1028.645730000,90.985000000
313.140000000,1026.494860000,85.163000000
313.140000000,1024.321490000,79.329000000
313.140000000,1022.129090000,73.506000000
313.140000000,1019.905500000,67.671000000
313.140000000,1017.663590000,61.847000000
313.140000000,1015.388210000,56.011000000
313.140000000,1013.091160000,50.185000000
313.140000000,1010.761580000,44.349000000
313.140000000,1008.418280000,38.522000000
313.140000000,1006.048360000,32.695000000
313.140000000,1003.628120000,26.857000000
313.140000000,1001.194420000,21.028000000
313.140000000,998.731610000,15.189000000
313.140000000,997.820760000,13.052000000
313.140000000,997.186940000,11.571000000
313.140000000,996.555900000,10.101000000
313.140000000,995.919720000,8.631000000
313.140000000,995.282360000,7.151000000
313.140000000,994.652750000,5.681000000
313.140000000,994.004170000,4.211000000
313.140000000,993.371230000,2.740000000
313.140000000,993.050630000,2.000000000
313.140000000,992.720380000,1.260000000
313.140000000,992.401180000,0.530000000
298.144000000,1038.831520000,102.639000000
298.144000000,1036.675510000,96.808000000
298.144000000,1034.498450000,90.985000000
298.144000000,1032.293230000,85.163000000
298.144000000,1030.062370000,79.329000000
298.144000000,1027.804160000,73.506000000
298.144000000,1025.523220000,67.671000000
298.144000000,1023.218880000,61.847000000
298.144000000,1020.874850000,56.011000000
298.144000000,1018.515600000,50.185000000
298.144000000,1016.119720000,44.349000000
298.144000000,1013.705300000,38.522000000
298.144000000,1011.258340000,32.695000000
298.144000000,1008.774320000,26.857000000
298.144000000,1006.276140000,21.028000000
298.144000000,1003.736910000,15.189000000
298.144000000,1002.798810000,13.052000000
298.144000000,1002.149610000,11.571000000
298.144000000,1001.501250000,10.101000000
298.144000000,1000.846720000,8.631000000
298.144000000,1000.192040000,7.151000000
298.144000000,999.544210000,5.681000000
298.144000000,998.885240000,4.211000000
298.144000000,998.227150000,2.740000000
298.144000000,997.903400000,2.000000000
298.144000000,997.564940000,1.260000000
298.144000000,997.243620000,0.530000000
273.150000000,1046.355650000,102.639000000
273.150000000,1043.989540000,96.808000000
273.150000000,1041.597230000,90.985000000
273.150000000,1039.172650000,85.163000000
273.150000000,1036.714200000,79.329000000
273.150000000,1034.225630000,73.506000000
273.150000000,1031.701080000,67.671000000
273.150000000,1029.145400000,61.847000000
273.150000000,1026.551760000,56.011000000
273.150000000,1023.923980000,50.185000000
273.150000000,1021.259560000,44.349000000
273.150000000,1018.562280000,38.522000000
273.150000000,1015.823480000,32.695000000
273.150000000,1013.054220000,26.857000000
273.150000000,1010.243870000,21.028000000
273.150000000,1007.390210000,15.189000000
273.150000000,1006.335890000,13.052000000
273.150000000,1005.603220000,11.571000000
273.150000000,1004.871620000,10.101000000
273.150000000,1004.140070000,8.631000000
273.150000000,1003.397500000,7.151000000
273.150000000,1002.661060000,5.681000000
273.150000000,1001.918670000,4.211000000
273.150000000,1001.181390000,2.740000000
273.150000000,1000.804650000,2.000000000
273.150000000,1000.430180000,1.260000000
