# RIVKIN 1963
# @url: http://www.springer.com/engineering/mechanical+engineering/journal/11509
# @description: From Teploenergetika (Thermal Engineering, Russian). No direct URL available
# @source: Rivkin, S. L. and T. S. Akhundov, Teploenergetika 10, 66 (1963).
# @units: K,kg/m^3,MPa
# @year: 1963
# @species: H2O
# Columns: Temperature [K], density [kg/m3], pressure [MPa]
# column names below:
T,rho,p
648.193015631,16.872511300,4.665023410
673.177630166,16.699787910,4.839581770
723.182760793,17.393724340,5.471130030
698.200557591,19.198648420,5.753561550
673.177630166,37.221767290,9.865489900
648.193015631,41.182769130,10.081236200
647.333133372,41.365046540,10.098888170
698.200557591,36.214826350,10.161650730
723.182760793,34.995625550,10.361706390
723.182760793,53.395984620,14.833538790
648.193015631,67.851811640,14.444214780
673.177630166,62.359690700,14.760969580
647.333133372,70.901871810,14.815886820
698.200557591,59.080704240,15.147351590
647.333133372,121.499301380,19.426973650
673.177630166,98.629056120,19.785897040
698.200557591,86.266390610,19.855524260
723.182760793,77.936248150,19.873176220
648.193015631,133.566629710,20.164433730
647.333133372,209.078174330,21.891384790
648.193015631,210.535180430,22.074769150
647.333133372,246.032722350,22.082614470
647.333133372,255.330014040,22.097324450
647.333133372,266.325769680,22.105169760
647.333133372,285.379983450,22.114976410
647.333133372,307.455803230,22.124783060
647.333133372,323.415265200,22.130667050
647.333133372,333.555703800,22.134589710
647.333133372,357.602631960,22.143415700
647.333133372,387.942739650,22.169893650
648.193015631,224.084614350,22.174796980
723.182760793,91.249201570,22.225791560
648.193015631,249.781441240,22.282670130
648.193015631,265.992818190,22.316993400
648.193015631,281.491907110,22.333664710
648.193015631,296.859229350,22.343471360
648.193015631,315.059861370,22.353278010
698.200557591,104.141716050,22.361123330
648.193015631,333.300003330,22.363084660
648.193015631,350.852571750,22.377794630
648.193015631,365.992021370,22.394465940
648.193015631,378.057540360,22.412117910
648.193015631,400.032002560,22.470957810
647.333133372,442.810964000,22.542546350
648.193015631,446.149727850,22.915199050
648.193015631,481.185641420,23.837024150
647.333133372,504.922999240,24.573503570
673.177630166,159.665341440,24.658821420
698.200557591,124.027931090,24.696086700
723.182760793,107.770233860,24.820631150
648.193015631,508.414255940,25.181515870
723.182760793,124.180409300,27.105580600
698.200557591,149.463426300,27.127155230
648.193015631,534.988230260,27.295829610
673.177630166,270.921947390,28.253939320
673.177630166,288.010137960,28.593249400
673.177630166,295.089707270,28.731523170
673.177630166,304.117754390,28.905100870
673.177630166,316.195535320,29.135557150
673.177630166,324.012571690,29.285598890
673.177630166,327.600327600,29.362090760
673.177630166,334.616028110,29.502325860
647.333133372,559.471858570,29.658251600
673.177630166,344.494970370,29.709246170
723.182760793,146.335752750,29.774950730
648.193015631,556.978946200,29.821041980
698.200557591,185.852878860,29.822022650
673.177630166,353.194645570,29.902437180
673.177630166,368.256306390,30.268225220
698.200557591,203.169443320,30.875256860
673.177630166,393.019965410,30.947826070
723.182760793,164.357444570,31.665672850
698.200557591,239.131474480,32.726752380
723.182760793,182.681768360,33.382817260
698.200557591,256.173788300,33.507361720
698.200557591,281.096275470,34.593938540
673.177630166,471.520181060,34.780264890
647.333133372,589.935697010,34.825375480
698.200557591,291.987853310,35.060735080
648.193015631,588.685465360,35.120555650
698.200557591,306.541597690,35.679534690
723.182760793,211.622296530,35.769755870
698.200557591,320.605302810,36.287547000
698.200557591,342.442298470,37.265270000
723.182760793,232.698841160,37.351568520
648.193015631,599.340725200,37.471209650
698.200557591,354.446531740,37.843862350
698.200557591,362.292587490,38.246915660
673.177630166,516.555607210,39.142262810
723.182760793,262.274443980,39.435481650
698.200557591,385.921580730,39.539432130
647.333133372,610.985519640,39.727719810
648.193015631,609.942055500,40.065068570
723.182760793,278.055833610,40.502445160
723.182760793,288.217661980,41.188910660
723.182760793,295.272684320,41.659629860
698.200557591,424.646481800,42.142117040
723.182760793,303.674460980,42.223512240
723.182760793,310.135218960,42.663830820
723.182760793,316.836702360,43.124743370
723.182760793,322.258386770,43.508183390
723.182760793,327.675470210,43.884758750
723.182760793,332.557366150,44.236817480
723.182760793,336.349265080,44.518268340
698.200557591,452.181777070,44.535920310
673.177630166,552.211607490,44.591818220
647.333133372,628.101249920,44.687923380
648.193015631,627.391931740,45.086073370
723.182760793,344.352617080,45.112551330
723.182760793,349.015775510,45.469513390
723.182760793,365.270117250,46.739474560
698.200557591,475.737392960,47.083687980
647.333133372,641.190048730,49.280377580
673.177630166,574.844791910,49.307836200
723.182760793,395.710498200,49.419632010
698.200557591,496.031746030,49.756980770
648.193015631,641.889723350,50.141401450
723.182760793,416.562526040,51.444705230
723.182760793,441.832722130,54.465153430
648.193015631,652.911987460,54.466134100
673.177630166,594.707106750,54.550471290
673.177630166,608.309507880,58.722220200
648.193015631,662.602703420,58.864416620
723.182760793,472.433504980,58.884029920
