# VUKALOVICH 1962
# @url: http://www.springer.com/engineering/mechanical+engineering/journal/11509
# @description: From Teploenergetika (Thermal Engineering, Russian). No direct URL available
# @source: Vukalovich, M. P., W. N. Zubarev, and A. A. Alexandrov, Teploenergetika 9, 49 (1962).
# @units: K,kg/m^3,MPa
# @year: 1962
# @species: H2O
# Columns: Temperature [K], density [kg/m3], pressure [MPa]
# column names below:
T,rho,p

1022.222687576,9.968102070,4.644429440
1024.030651488,10.047221940,4.686598030
1024.030651488,23.180343070,10.659828550
1124.636521531,20.881186050,10.671596530
1024.030651488,27.100271000,12.410315580
1124.436782309,25.348542460,12.892802750
1022.222687576,33.145508780,15.062033730
1124.436782309,39.077764750,19.687830540
1024.030651488,43.878894250,19.741767110
1024.030651488,44.267374940,19.922209470
1124.636521531,39.525691700,19.939861440
1124.436782309,51.127358250,25.564955880
1174.092152823,105.362975450,54.064061450
1174.092152823,119.047619050,60.869876550
1174.092152823,134.970981240,68.774036450
1174.092152823,149.745432760,76.089797350
1174.092152823,164.690382080,83.493818100
1174.092152823,177.210703530,89.721040850
1174.092152823,192.604006160,97.419261100
1174.092152823,205.380981720,103.901456750
1174.092152823,219.250164440,110.972051400
1174.092152823,233.154581490,118.101485950
1022.222687576,55.831611860,24.791211200
1024.030651488,57.913939890,25.712055630
1124.636521531,59.580552910,29.649425610
1024.030651488,67.594970930,29.740627450
1024.030651488,72.865053920,31.913781100
1124.436782309,65.910888480,32.660067160
1022.222687576,78.462142020,34.138909980
1124.636521531,78.064012490,38.430300020
1124.436782309,79.220470570,38.936323160
1024.030651488,91.082976590,39.261903940
1024.030651488,91.132780460,39.277594580
1022.222687576,102.155480640,43.515048040
1124.436782309,94.268476620,45.966710540
1024.030651488,109.553023660,46.491366320
1124.636521531,99.830288510,48.568414790
1024.030651488,116.849731250,49.307836200
1022.222687576,128.254456840,53.514889050
1024.030651488,128.369704750,53.691408750
1124.436782309,110.963160230,53.691408750
1124.636521531,114.665749340,55.378152550
1024.030651488,141.703273350,58.722220200
1024.030651488,145.518044240,60.153991100
1124.436782309,128.139415680,61.536728750
1124.636521531,129.920748340,62.360487350
1022.222687576,152.858453070,62.742946700
1124.436782309,142.836737610,68.215057400
1024.030651488,168.067226890,68.528870200
1024.030651488,169.204737730,68.950556150
1124.636521531,146.821318460,70.088127550
1022.222687576,179.791441930,72.667276500
1124.436782309,158.428390370,75.305265350
1024.030651488,188.253012050,75.972117550
1124.636521531,163.719711850,77.737314550
1024.030651488,194.969779680,78.423780050
1022.222687576,206.825232680,82.591606300
1024.030651488,206.910821440,82.856385850
1124.436782309,176.522506620,83.533044700
1124.636521531,184.877056760,87.347831550
1024.030651488,220.167327170,87.749904200
1024.030651488,226.142017190,89.995627050
1124.436782309,193.535900910,91.290104850
1022.222687576,232.883092690,92.221736600
1124.636521531,207.082211640,97.487907650
1024.030651488,246.913580250,97.791913800
1124.436782309,208.594075930,98.223406400
1024.030651488,250.250250250,99.076584950
1022.222687576,253.228665480,99.851310300
1024.030651488,265.322366680,104.793861900
1124.436782309,223.214285710,105.019414850
1024.030651488,272.257010620,107.451464050
1124.636521531,229.252636410,107.892763300
1022.222687576,279.642058170,110.001193050
1024.030651488,283.446712020,111.864456550
1124.436782309,237.925291460,111.923296450
1022.222687576,297.353553370,116.983527850
1024.030651488,296.296296300,116.983527850
1124.636521531,251.067034900,118.238779050
1124.436782309,251.319426990,118.317232250
1024.030651488,299.670362600,118.327038900
